0.1654496
0.05794261
0.04908985
0.02709032
0.02611964
0.02518582
0.0245268
0.02391034
0.01809852
0.01737861
0.01695802
0.0129403
0.01210466
0.01207072
0.01095328
0.01019056
0.01005104
0.00976225
0.007599326
0.00727346
0.006947395
0.006915595
0.006688331
0.00666337
0.006155287
0.006031824
0.005468459
0.005015108
0.004758084
0.004713062
0.004663421
0.004662954
0.004641805
0.004628561
0.004579641
0.004500724
0.0044696
0.004416915
0.004261387
0.004253516
0.003946536
0.003933086
0.003922265
0.00381087
0.00380822
0.003609697
0.003413572
0.00331267
0.003259017
0.003211752
0.003145595
0.003056944
0.003003708
0.002985232
0.002977341
0.002942006
0.002845561
0.002840826
0.002736451
0.002708717
0.002671676
0.002643961
0.002603145
0.002532331
0.002414293
0.002391304
0.002383285
0.002352986
0.002346676
0.002341016
0.00232326
0.002150671
0.002105197
0.002051238
0.001991458
0.001948948
0.001921622
0.001876763
0.001871412
0.001865069
0.001864492
0.001839235
0.001829191
0.001811173
0.001743209
0.001739992
0.001738558
0.001730324
0.00170006
0.001678059
0.001657588
0.001651491
0.001628107
0.001626946
0.001617705
0.001521545
0.001510878
0.001471869
0.001425654
0.001422639
0.001410305
0.001378664
0.001344158
0.001340053
0.001314687
0.001274436
0.00126456
0.001249882
0.001235443
0.001234432
0.001209083
0.001169176
0.001155437
0.00114235
0.001138327
0.001105714
0.001074157
0.001072048
0.001069387
0.00106016
0.00105897
0.001058967
0.001053836
0.001053245
0.001052376
0.001043921
0.001039193
0.001034225
0.001033766
0.001032379
0.001024891
0.001024774
0.001024604
0.001010891
0.001003108
0.0009999661
0.0009997045
0.000983383
0.0009512879
0.0009481264
0.000944433
0.0009354498
0.0009348537
0.0009251551
0.000920674
0.0009037905
0.0008889018
0.0008639349
0.0008610615
0.0008572935
0.0008413855
0.0008370803
0.0008286758
0.0008243419
0.0008169914
0.000816818
0.0008121374
0.0008049259
0.0007850554
0.0007743401
0.0007737819
0.0007710126
0.0007580912
0.0007517952
0.0007517015
0.0007348
0.0007332102
0.0007314474
0.0007263049
0.0007070432
0.0007047417
0.0007035743
0.000695476
0.0006912709
0.0006863119
0.0006791359
0.0006775444
0.0006771427
0.0006758269
0.0006716995
0.000662972
0.0006604323
0.0006553187
0.0006481713
0.0006478999
0.0006449448
0.0006405019
0.0006379504
0.0006365199
0.0006191978
0.0006189235
0.0006177656
0.0006148068
0.0006106512
0.0006089778
0.0006084168
0.000605982
0.0006032162
0.000602958
0.0006021468
0.0005992173
0.0005904721
0.000587307
0.0005865447
0.0005862679
0.0005858894
0.0005774181
0.0005716703
0.0005565498
0.0005558155
0.0005540552
0.0005540337
0.0005540213
0.0005512406
0.0005504071
0.0005468
0.0005394178
0.0005368916
0.0005299212
0.0005296176
0.0005262881
0.000525878
0.0005257889
0.0005228746
0.0005227978
0.0005200258
0.0005186153
0.000515458
0.0005065556
0.0005053131
0.0005023887
0.0005023205
0.0004959482
0.0004952755
0.0004940192
0.0004836615
0.000479283
0.0004779812
0.0004761126
0.0004740256
0.0004722345
0.000467202
0.000465737
0.0004643304
0.0004583587
0.0004562898
0.0004502521
0.0004490669
0.0004471016
0.0004445701
0.0004385083
0.0004376957
0.0004298758
0.0004269473
0.0004241542
0.0004230047
0.0004221006
0.0004219181
0.0004209845
0.0004194649
0.0004179023
0.0004151487
0.0004147598
0.0004117282
0.0004109049
0.0004107748
0.0004088431
0.0004070162
0.0004050143
0.0004048124
0.0004037562
0.000399539
0.0003981869
0.0003973796
0.0003970259
0.0003966502
0.0003957925
0.0003921684
0.0003919708
0.0003896491
0.0003891502
0.0003863859
0.0003855604
0.0003810767
0.0003797237
0.0003794523
0.0003793974
0.0003751543
0.000374532
0.0003739506
0.0003734719
0.000371178
0.0003684315
0.0003643838
0.000363099
0.0003621126
0.0003611325
0.0003608153
0.0003599428
0.0003520113
0.0003506531
0.0003499154
0.0003472609
0.0003455669
0.0003445543
0.0003445264
0.0003439559
0.0003434888
0.0003429366
0.0003397497
0.0003390169
0.0003384946
0.0003380863
0.0003376547
0.0003342533
0.0003340439
0.0003299222
0.0003290534
0.0003287001
0.0003243988
0.000323328
0.0003203489
0.0003203416
0.0003179294
0.0003102634
0.0003090329
0.0003086895
0.0003081174
0.0003069726
0.0003068517
0.0003007778
0.0002956292
0.0002954077
0.0002950135
0.0002946715
0.0002926803
0.0002919136
0.0002905572
0.0002900055
0.000287218
0.0002866663
0.0002863845
0.0002863176
0.0002862872
0.0002857348
0.0002843201
0.0002842657
0.0002837189
0.0002828221
0.0002826843
0.0002824915
0.0002811967
0.0002798458
0.0002794002
0.0002768375
0.0002762679
0.0002759779
0.0002756632
0.0002755903
0.0002720454
0.0002702934
0.0002700717
0.0002689635
0.0002680589
0.0002673894
0.000267088
0.0002667892
0.0002645071
0.0002635164
0.0002630253
0.0002615426
0.0002598083
0.0002590528
0.0002581233
0.0002567512
0.0002522709
0.0002521137
0.0002507282
0.0002504556
0.0002463211
0.0002463148
0.0002454153
0.0002450857
0.0002436677
0.0002423098
0.0002415292
0.0002399896
0.0002336906
0.0002310177
0.0002299913
0.0002249553
0.0002222302
0.0002215464
0.0002214221
0.0002205758
0.0002178727
0.0002173469
0.0002157484
0.0002138057
0.0002085668
0.0002081581
0.0002081343
0.0002063589
0.000206255
0.000206045
0.0002054637
0.0002041441
0.0002040244
0.0002032354
0.0002003426
0.0001999074
0.0001987076
0.0001969096
0.0001955685
0.0001952665
0.0001941017
0.0001940805
0.0001937651
0.0001925834
0.0001916141
0.000190462
0.0001903542
0.0001900027
0.000188259
0.0001881992
0.0001871058
0.0001847887
0.0001846458
0.0001841815
0.0001820957
0.0001816175
0.0001813569
0.0001797843
0.0001797428
0.0001789172
0.0001782404
0.000177916
0.0001762325
0.0001747955
0.0001745051
0.0001733542
0.0001731045
0.0001719141
0.0001713665
0.0001707141
0.0001691755
0.0001690191
0.0001688025
0.0001679762
0.000167349
0.0001670182
0.0001668118
0.000166476
0.0001658095
0.0001657642
0.0001650821
0.0001639525
0.0001638155
0.0001634461
0.0001633597
0.00016292
0.0001617349
0.0001616724
0.0001600743
0.0001594677
0.0001593591
0.0001588885
0.0001587544
0.0001584139
0.0001581648
0.0001557403
0.0001556104
0.000155243
0.000154946
0.0001523965
0.000151499
0.0001496161
0.0001494597
0.0001490755
0.0001486813
0.0001472936
0.0001471314
0.0001464791
0.0001456321
0.0001443529
0.0001423843
0.0001418885
0.0001406799
0.0001404929
0.0001403667
0.000140011
0.0001390859
0.0001379833
0.0001369353
0.0001365794
0.0001360951
0.000135429
0.0001346471
0.000134499
0.0001344402
0.0001340335
0.0001339671
0.0001337779
0.0001332506
0.0001327987
0.0001327155
0.0001322514
0.0001319714
0.0001314334
0.0001313786
0.0001313198
0.0001311387
0.0001306741
0.0001294382
0.0001286162
0.0001286109
0.0001282475
0.0001281357
0.0001271326
0.0001263463
0.0001260195
0.0001236547
0.0001224199
0.0001224156
0.0001221899
0.0001215181
0.0001212563
0.0001209573
0.0001204042
0.0001200785
0.0001196796
0.0001181583
0.0001178842
0.0001178586
0.0001171093
0.0001170339
0.0001167088
0.0001166074
0.0001135147
0.0001131765
0.0001126041
0.0001122327
0.0001119901
0.0001118693
0.0001113678
0.0001107268
0.0001104959
0.0001102414
0.0001101772
0.0001100793
0.0001086721
0.00010805
0.000107606
0.0001073347
0.0001062447
0.0001061055
0.0001060484
0.0001053984
0.0001050282
0.000105006
0.000104725
0.0001043202
0.0001040227
0.0001040055
0.0001035039
0.0001032345
0.0001032274
0.0001031569
0.0001024532
0.000102115
0.0001016588
0.0001015935
0.0001011189
0.0001009352
0.0001008405
0.0001001258
9.98365e-05
9.978902e-05
9.949729e-05
9.940221e-05
9.920946e-05
9.919353e-05
9.836884e-05
9.828457e-05
9.765841e-05
9.751873e-05
9.741685e-05
9.717971e-05
9.671388e-05
9.612861e-05
9.521959e-05
9.416427e-05
9.402257e-05
9.301413e-05
9.278087e-05
9.2074e-05
9.206344e-05
9.020327e-05
8.951471e-05
8.945139e-05
8.941361e-05
8.928869e-05
8.909053e-05
8.884915e-05
8.866176e-05
8.813537e-05
8.773051e-05
8.62307e-05
8.594121e-05
8.55796e-05
8.543041e-05
8.474134e-05
8.446877e-05
8.303619e-05
8.266581e-05
8.263459e-05
8.237082e-05
8.213311e-05
8.170149e-05
8.092054e-05
7.991498e-05
7.978665e-05
7.965251e-05
7.947542e-05
7.787975e-05
7.772917e-05
7.768732e-05
7.746964e-05
7.669578e-05
7.620494e-05
7.604683e-05
7.596614e-05
7.588635e-05
7.558731e-05
7.548964e-05
7.500907e-05
7.500578e-05
7.471117e-05
7.440775e-05
7.440715e-05
7.284906e-05
7.283613e-05
7.233128e-05
7.224734e-05
7.216839e-05
7.194626e-05
7.188682e-05
7.13541e-05
7.108416e-05
7.099145e-05
7.094874e-05
7.075037e-05
7.045179e-05
6.988597e-05
6.870562e-05
6.849648e-05
6.796855e-05
6.781643e-05
6.721771e-05
6.662721e-05
6.647043e-05
6.60086e-05
6.599603e-05
6.588512e-05
6.587768e-05
6.569178e-05
6.566989e-05
6.549811e-05
6.535487e-05
6.523995e-05
6.518586e-05
6.511066e-05
6.505464e-05
6.505276e-05
6.48145e-05
6.469311e-05
6.438923e-05
6.418012e-05
6.394001e-05
6.393925e-05
6.348392e-05
6.336813e-05
6.323431e-05
6.314677e-05
6.286708e-05
6.242112e-05
6.230798e-05
6.221046e-05
6.209791e-05
6.178118e-05
6.17463e-05
6.104483e-05
6.080081e-05
6.066041e-05
5.937357e-05
5.924861e-05
5.878571e-05
5.839889e-05
5.836967e-05
5.811744e-05
5.774711e-05
5.736062e-05
5.715764e-05
5.704406e-05
5.674039e-05
5.665363e-05
5.653923e-05
5.636365e-05
5.59471e-05
5.535651e-05
5.52084e-05
5.468118e-05
5.462579e-05
5.419727e-05
5.408161e-05
5.392465e-05
5.378201e-05
5.353215e-05
5.321429e-05
5.315458e-05
5.29423e-05
5.253924e-05
5.228822e-05
5.212082e-05
5.168809e-05
5.154997e-05
5.148045e-05
5.126922e-05
5.114812e-05
5.106616e-05
5.095085e-05
5.088506e-05
5.076849e-05
5.073645e-05
5.069793e-05
5.065478e-05
5.04901e-05
5.017239e-05
5.005875e-05
4.979558e-05
4.972619e-05
4.959819e-05
4.957359e-05
4.929355e-05
4.916043e-05
4.89668e-05
4.881364e-05
4.874754e-05
4.845184e-05
4.810134e-05
4.809054e-05
4.771507e-05
4.770174e-05
4.762412e-05
4.761958e-05
4.752001e-05
4.717064e-05
4.680497e-05
4.649273e-05
4.621264e-05
4.601278e-05
4.597528e-05
4.573617e-05
4.528581e-05
4.517453e-05
4.500362e-05
4.496451e-05
4.490438e-05
4.486984e-05
4.459928e-05
4.45558e-05
4.432401e-05
4.42691e-05
4.418196e-05
4.413095e-05
4.337895e-05
4.335718e-05
4.316442e-05
4.308335e-05
4.306799e-05
4.297086e-05
4.239432e-05
4.212597e-05
4.175616e-05
4.167612e-05
4.153697e-05
4.149593e-05
4.118945e-05
4.08735e-05
4.083608e-05
4.073208e-05
4.062117e-05
4.062081e-05
4.057916e-05
4.016882e-05
3.990368e-05
3.987751e-05
3.958128e-05
3.909494e-05
3.904938e-05
3.88296e-05
3.854199e-05
3.848905e-05
3.82032e-05
3.802425e-05
3.759945e-05
3.737433e-05
3.728279e-05
3.723178e-05
3.59544e-05
3.591042e-05
3.551021e-05
3.510097e-05
3.505102e-05
3.497428e-05
3.488588e-05
3.488399e-05
3.466701e-05
3.449761e-05
3.391075e-05
3.39104e-05
3.363073e-05
3.33529e-05
3.313431e-05
3.30316e-05
3.300995e-05
3.250107e-05
3.242392e-05
3.240469e-05
3.213863e-05
3.206504e-05
3.17007e-05
3.1567e-05
3.122964e-05
3.119875e-05
3.104713e-05
3.102349e-05
3.081417e-05
3.080463e-05
3.078407e-05
3.026754e-05
3.01591e-05
2.999206e-05
2.996478e-05
2.977868e-05
2.970099e-05
2.951041e-05
2.935821e-05
2.925145e-05
2.921669e-05
2.886945e-05
2.878573e-05
2.876625e-05
2.851906e-05
2.847511e-05
2.837726e-05
2.836021e-05
2.827573e-05
2.797794e-05
2.788341e-05
2.754191e-05
2.747033e-05
2.738762e-05
2.729238e-05
2.675149e-05
2.65115e-05
2.639129e-05
2.621424e-05
2.5965e-05
2.591585e-05
2.577404e-05
2.573886e-05
2.550483e-05
2.546529e-05
2.537345e-05
2.533764e-05
2.521589e-05
2.500925e-05
2.491383e-05
2.485058e-05
2.478909e-05
2.473677e-05
2.469522e-05
2.444178e-05
2.43768e-05
2.436765e-05
2.433365e-05
2.417574e-05
2.415524e-05
2.409584e-05
2.406737e-05
2.405997e-05
2.387358e-05
2.381545e-05
2.381425e-05
2.377911e-05
2.356243e-05
2.326519e-05
2.297204e-05
2.281799e-05
2.279131e-05
2.228836e-05
2.223186e-05
2.200692e-05
2.193272e-05
2.178455e-05
2.174441e-05
2.162792e-05
2.158832e-05
2.137397e-05
2.135578e-05
2.134269e-05
2.132424e-05
2.118395e-05
2.113761e-05
2.108117e-05
2.104626e-05
2.103758e-05
2.096067e-05
2.065238e-05
2.061749e-05
2.060295e-05
2.054453e-05
2.05345e-05
2.048643e-05
2.03254e-05
2.019146e-05
2.012328e-05
2.003348e-05
1.994145e-05
1.983243e-05
1.981154e-05
1.975196e-05
1.966457e-05
1.962739e-05
1.960656e-05
1.944373e-05
1.941456e-05
1.929304e-05
1.91634e-05
1.913705e-05
1.910024e-05
1.89066e-05
1.887735e-05
1.880083e-05
1.87865e-05
1.872178e-05
1.842934e-05
1.80096e-05
1.776349e-05
1.771899e-05
1.7584e-05
1.756069e-05
1.740238e-05
1.721095e-05
1.709063e-05
1.703858e-05
1.676689e-05
1.665665e-05
1.664522e-05
1.641726e-05
1.634068e-05
1.631594e-05
1.603364e-05
1.600612e-05
1.579763e-05
1.578573e-05
1.576692e-05
1.57302e-05
1.562269e-05
1.561697e-05
1.545973e-05
1.529016e-05
1.501174e-05
1.493916e-05
1.47555e-05
1.460814e-05
1.444745e-05
1.440181e-05
1.440126e-05
1.435436e-05
1.424497e-05
1.422956e-05
1.422319e-05
1.420169e-05
1.41883e-05
1.418824e-05
1.384932e-05
1.381397e-05
1.376784e-05
1.371999e-05
1.364577e-05
1.354838e-05
1.346111e-05
1.343814e-05
1.342726e-05
1.317894e-05
1.313644e-05
1.308046e-05
1.305858e-05
